|   Power of N:  |  Monte CarloBF:  | CPU-time MonteCarloBF: |   Standard DeviationBF:   |  Monte CarloIS:    |  CPU-time MonteCarloIS: |  Standard DeviationIS:   |   Exact value:   |
|                |                  |                        |                           |                    |                         |                          |                  |
         1     1.1265998E-07       1.1000000E-05              0.0000000            0.14050663       1.7000000E-05              0.0000000            0.19276571
         1     1.1265998E-07       2.0000000E-06              0.0000000            0.14050663       1.0000000E-06              0.0000000            0.19276571
         1     1.1265998E-07       1.0000000E-06              0.0000000            0.14050663       2.0000000E-06              0.0000000            0.19276571
         2     0.00017664757       2.0000000E-06          0.00012482903           0.077373761       1.0000000E-06            0.044641681            0.19276571
         2     0.00017664757           0.0000000          0.00012482903           0.077373761       2.0000000E-06            0.044641681            0.19276571
         3     0.00012336349       1.0000000E-06          9.3905572E-05           0.066528373       1.0000000E-06            0.031050592            0.19276571
         3     0.00012336349           0.0000000          9.3905572E-05           0.066528373       1.0000000E-06            0.031050592            0.19276571
         4     9.2529496E-05       2.0000000E-06          7.5321448E-05           0.075111246       1.0000000E-06            0.024445401            0.19276571
         5     7.9656732E-05       2.0000000E-06          6.1347303E-05            0.16121818       1.0000000E-06            0.079460508            0.19276571
         6     6.6382433E-05       1.0000000E-06          5.2539271E-05            0.13482591       2.0000000E-06            0.070463911            0.19276571
         7      0.0077194993       2.0000000E-06           0.0070855525            0.11705600       2.0000000E-06            0.062598197            0.19276571
         9      0.0060044152       2.0000000E-06           0.0056138116           0.092379345       3.0000000E-06            0.051070268            0.19276571
        10      0.0055210061       2.0000000E-06           0.0050732011            0.10350587       3.0000000E-06            0.047159721            0.19276571
        13      0.0047393686       3.0000000E-06           0.0039430239            0.67701640       5.0000000E-06             0.56277407            0.19276571
        15      0.0041074602       3.0000000E-06           0.0034425116            0.58769199       4.0000000E-06             0.49126962            0.19276571
        19      0.0033468262       5.0000000E-06           0.0027401807            0.60304624       5.0000000E-06             0.39218253            0.19276571
        22      0.0028965784       5.0000000E-06           0.0023788232            0.52548265       5.0000000E-06             0.34127134            0.19276571
        27      0.0023666869       5.0000000E-06           0.0019500712            0.43063910       7.0000000E-06             0.28070233            0.19276571
        33      0.0019491952       6.0000000E-06           0.0016029866            0.44105311       9.0000000E-06             0.23546533            0.19276571
        39      0.0016499013       6.0000000E-06           0.0013610221            0.37442176       1.1000000E-05             0.20080719            0.19276571
        47      0.0030859828       8.0000000E-06           0.0020166374            0.33991656       1.2000000E-05             0.16785723            0.19276571
        57      0.0025451555       1.0000000E-05           0.0016700777            0.29078720       1.5000000E-05             0.13932053            0.19276571
        69      0.0021056955       1.2000000E-05           0.0013844411            0.26132392       1.8000000E-05             0.11571934            0.19276571
        83      0.0017543566       1.5000000E-05           0.0011541027            0.25294249       2.1000000E-05            0.098200586            0.19276571
       100      0.0014577581       2.1000000E-05          0.00096014480            0.24692615       3.0000000E-05            0.084866028            0.19276571
       120      0.0012453254       2.0000000E-05          0.00080145570            0.22962820       3.0000000E-05            0.071372645            0.19276571
       144      0.0020497650       2.4000000E-05           0.0011609411            0.20177010       3.7000000E-05            0.059948296            0.19276571
       173      0.0017401271       3.2000000E-05          0.00096799644            0.22068999       4.4000000E-05            0.059857655            0.19276571
       208      0.0014902373       3.5000000E-05          0.00080635164            0.21058868       5.2000000E-05            0.051115872            0.19276571
       251      0.0052920560       4.2000000E-05           0.0039658760            0.20132428       6.8000000E-05            0.043278097            0.19276571
       301      0.0049745759       5.2000000E-05           0.0033494597            0.18442061       8.1000000E-05            0.036688471            0.19276571
       363       0.015296717       6.3000000E-05           0.0093250899            0.17270366       9.5000000E-05            0.031722905            0.19276571
       436       0.015742271       7.6000000E-05           0.0079646385            0.19760293       0.00011300000            0.040809594            0.19276571
       524       0.013661732       8.6000000E-05           0.0066392128            0.19140924       0.00013400000            0.036057804            0.19276571
       630       0.011474623       0.00010300000           0.0055262469            0.18738834       0.00016200000            0.031741461            0.19276571
       758       0.080552866       0.00012500000            0.049819330            0.18061230       0.00019300000            0.026971231            0.19276571
       912        0.10214441       0.00015000000            0.052644398            0.17184259       0.00026800000            0.022911699            0.19276571
      1096       0.085659196       0.00023300000            0.043824093            0.17325618       0.00037900000            0.021911506            0.19276571
      1318       0.090154904       0.00021700000            0.040385512            0.19254200       0.00033700000            0.024685346            0.19276571
      1584       0.075950969       0.00024500000            0.033616262            0.17726653       0.00038000000            0.020745404            0.19276571
      1905        0.10006702       0.00030000000            0.035260866            0.18403645       0.00052000000            0.019357960            0.19276571
      2290       0.085077511       0.00035700000            0.029349737            0.18011086       0.00053600000            0.016754454            0.19276571
      2754       0.073934703       0.00041200000            0.024456714            0.17944731       0.00074100000            0.015029217            0.19276571
      3311       0.064280894       0.00049600000            0.020457752            0.18466204       0.00075100000            0.013886704            0.19276571
      3981       0.058102240       0.00058000000            0.017135882            0.19169753       0.00089900000            0.013424959            0.19276571
      4786       0.055667237       0.00069600000            0.014698837            0.18812276        0.0010800000            0.011654836            0.19276571
      5754       0.078974416       0.00083600000            0.022549055            0.19283060        0.0012980000            0.010776354            0.19276571
      6918       0.074513779        0.0010050000            0.019239135            0.19130135        0.0015640000           0.0095750906            0.19276571
      8317        0.17106951        0.0012070000             0.10773056            0.18572943        0.0018030000           0.0083786487            0.19276571
     10000        0.15039563        0.0013740000            0.089661639            0.18273179        0.0021320000           0.0074468333            0.19276571
     12022        0.12922410        0.0016520000            0.074598734            0.18143267        0.0026070000           0.0067826698            0.19276571
     14454        0.11371762        0.0019870000            0.062079699            0.18087491        0.0030850000           0.0062070468            0.19276571
     17378        0.10606779        0.0024450000            0.052015856            0.18922973        0.0038830000           0.0073484907            0.19276571
     20892        0.11415972        0.0031940000            0.044574462            0.18803528        0.0043520000           0.0064306670            0.19276571
     25118        0.10583540        0.0034840000            0.037277350            0.18959020        0.0053660000           0.0057978310            0.19276571
     30199        0.11590145        0.0040930000            0.032556836            0.18764662        0.0064560000           0.0051146658            0.19276571
     36307        0.12003174        0.0048400000            0.028550449            0.18871673        0.0077880000           0.0048067479            0.19276571
     43651        0.10929170        0.0059350000            0.023893605            0.18878981        0.0097040000           0.0045271162            0.19276571
     52480        0.10264325        0.0071860000            0.020074290            0.18894569         0.011189000           0.0041359320            0.19276571
     63095        0.24305459        0.0094310000             0.12229578            0.18824231         0.013505000           0.0036813202            0.19276571
     75857        0.21744060         0.010419000             0.10182141            0.19025278         0.015892000           0.0035143183            0.19276571
     91201        0.19540758         0.012824000            0.084777357            0.19189005         0.020026000           0.0032574009            0.19276571
    109647        0.21425610         0.015169000            0.078089946            0.19317641         0.023564000           0.0030705052            0.19276571
    131825        0.22147991         0.018314000            0.066675467            0.19175083         0.028068000           0.0027171803            0.19276571
    158489        0.21222692         0.022014000            0.056745866            0.19149643         0.035252000           0.0025131576            0.19276571
    190546        0.20787912         0.026246000            0.049015721            0.19353085         0.041588000           0.0023165924            0.19276571
    229086        0.20562496         0.031836000            0.043664892            0.19378884         0.049635000           0.0020899695            0.19276571
    275422        0.18952991         0.038595000            0.036482842            0.19149732         0.059784000           0.0018413031            0.19276571
    331131        0.21874364         0.046112000            0.035878272            0.19195771         0.073593000           0.0016678081            0.19276571
    398107        0.20027699         0.055813000            0.030038207            0.19188992         0.086828000           0.0015152778            0.19276571
    478630        0.18190716         0.067743000            0.025067891            0.19168746          0.10596600           0.0013768323            0.19276571
    575439        0.18209215         0.083434000            0.022042809            0.19186162          0.12712400           0.0012688168            0.19276571
    691830        0.18055458         0.096924000            0.018914554            0.19286885          0.14826300           0.0011755883            0.19276571
    831763        0.18100811          0.11512700            0.017022788            0.19296760          0.17890900           0.0011071731            0.19276571
   1000000        0.19019096          0.13824000            0.017682291            0.19297597          0.21090700           0.0010117998            0.19276571
   1202264        0.17744796          0.16113000            0.014877727            0.19283136          0.25177600          0.00092164517            0.19276571
   1445439        0.18722608          0.19512400            0.019022329            0.19259809          0.30282900          0.00083432794            0.19276571
   1737800        0.18671029          0.23430200            0.017444441            0.19258612          0.35894300          0.00075217506            0.19276571
   2089296        0.18556498          0.28301300            0.015107139            0.19271732          0.43343700          0.00068499325            0.19276571
   2511886        0.17789311          0.33545200            0.012771311            0.19257757          0.52811100          0.00065155880            0.19276571
   3019951        0.17567110          0.40335700            0.011093774            0.19267937          0.62972400          0.00058869830            0.19276571
   3630780        0.17085516          0.48312300           0.0098298960            0.19237493          0.78404300          0.00053588252            0.19276571
   4365158        0.16727061          0.59158500           0.0084527436            0.19243742          0.92148300          0.00049276994            0.19276571
   5248074        0.17165537          0.72804400           0.0081562706            0.19247323           1.1177620          0.00044643431            0.19276571
   6309573        0.18153389          0.89174200            0.011039869            0.19255222           1.3494370          0.00040772376            0.19276571
   7585775        0.17748938           1.0380650           0.0094924025            0.19273166           1.6060900          0.00037485535            0.19276571
   9120108        0.17581309           1.2748590           0.0081988760            0.19293428           1.9547480          0.00035522917            0.19276571
  10964781        0.17868304           1.5021350           0.0073616054            0.19269500           2.2987070          0.00032129876            0.19276571
  13182567        0.17991987           1.8130010           0.0065519372            0.19249509           2.7845190          0.00029104187            0.19276571
  15848931        0.18521671           2.1307110           0.0065056716            0.19261583           3.3675860          0.00027666134            0.19276571
  19054607        0.18863735           2.6401140           0.0065708518            0.19260174           4.0922810          0.00024894691            0.19276571
  22908676        0.19226201           3.0864210           0.0075173633            0.19256515           4.9023200          0.00022508246            0.19276571
  27542287        0.19381245           3.7279160           0.0066037145            0.19262897           5.7721910          0.00020372135            0.19276571
  33113112        0.19591796           4.4366000           0.0058563091            0.19253465           6.9149480          0.00018392604            0.19276571
  39810717        0.19267159           5.3476740           0.0050495386            0.19259760           8.3091500          0.00016750633            0.19276571
  47863009        0.19135331           6.4216870           0.0044804201            0.19264082           9.9514820          0.00015222679            0.19276571
  57543993        0.18985183           7.7176710           0.0039717239            0.19272447           12.307990          0.00013829278            0.19276571
  69183097        0.18922174           9.6083030           0.0035586139            0.19271937           14.898966          0.00012571402            0.19276571
  83176377        0.19335746           11.142220           0.0041049905            0.19277455           17.523029          0.00011442842            0.19276571
 100000000        0.19275395           13.696556           0.0036391336            0.19278888           21.261123          0.00010414166            0.19276571
