|   Power of N:  |  Monte CarloBF:  | CPU-time MonteCarloBF: |   Standard DeviationBF:   |  Monte CarloIS:    |  CPU-time MonteCarloIS: |  Standard DeviationIS:   |   Exact value:   |
|                |                  |                        |                           |                    |                         |                          |                  |
         3     0.00012336349       1.9000000E-05          9.3905572E-05           0.066528373       4.4000000E-05            0.031050592            0.19276571
        10      0.0055210061       7.0000000E-06           0.0050732011            0.10350587       1.1000000E-05            0.047159721            0.19276571
        31      0.0020749431       1.6000000E-05           0.0017039372            0.38452866       2.4000000E-05             0.24556172            0.19276571
       100      0.0014577581       4.4000000E-05          0.00096014480            0.24692615       6.9000000E-05            0.084866028            0.19276571
       316      0.0047420073       0.00015500000           0.0031910063            0.18095883       0.00023500000            0.035164137            0.19276571
      1000       0.093213494       0.00046900000            0.048020318            0.18163575       0.00066900000            0.023911056            0.19276571
      3162       0.067261666        0.0010190000            0.021420299            0.18287980        0.0015130000            0.014150843            0.19276571
     10000        0.15039563        0.0029930000            0.089661639            0.18273179        0.0045930000           0.0074468333            0.19276571
     31622        0.11356049        0.0070270000            0.031137820            0.18925052        0.0086790000           0.0052476542            0.19276571
    100000        0.22267311         0.015896000            0.085552573            0.19437305         0.021629000           0.0032879712            0.19276571
    316227        0.22492823         0.044277000            0.037552888            0.19137025         0.070827000           0.0016943339            0.19276571
   1000000        0.19019096          0.13567700            0.017682291            0.19297597          0.21633000           0.0010117998            0.19276571
   3162277        0.17353685          0.42965100            0.010635185            0.19262672          0.67211200          0.00057698498            0.19276571
  10000000        0.17907580           1.3938790           0.0078753400            0.19271646           2.1587580          0.00033539570            0.19276571
  31622776        0.19426779           4.2855080           0.0059932475            0.19248679           6.5091260          0.00018850755            0.19276571
 100000000        0.19275395           13.237477           0.0036391336            0.19278888           20.785191          0.00010414166            0.19276571
