|   Power of N:  |  Monte CarloBF:  | CPU-time MonteCarloBF: |   Standard DeviationBF:   |  Monte CarloIS:    |  CPU-time MonteCarloIS: |  Standard DeviationIS:   |   Exact value:   |
|                |                  |                        |                           |                    |                         |                          |                  |
         1     1.1265998E-07       1.7000000E-05              0.0000000            0.14050663       4.1000000E-05              0.0000000            0.19276571
         1     1.1265998E-07       2.0000000E-06              0.0000000            0.14050663       2.0000000E-06              0.0000000            0.19276571
         1     1.1265998E-07       1.0000000E-06              0.0000000            0.14050663       1.0000000E-06              0.0000000            0.19276571
         1     1.1265998E-07       2.0000000E-06              0.0000000            0.14050663       3.0000000E-06              0.0000000            0.19276571
         1     1.1265998E-07       2.0000000E-06              0.0000000            0.14050663       2.0000000E-06              0.0000000            0.19276571
         1     1.1265998E-07       2.0000000E-06              0.0000000            0.14050663       2.0000000E-06              0.0000000            0.19276571
         1     1.1265998E-07           0.0000000              0.0000000            0.14050663       2.0000000E-06              0.0000000            0.19276571
         2     0.00017664757       2.0000000E-06          0.00012482903           0.077373761       3.0000000E-06            0.044641681            0.19276571
         2     0.00017664757       2.0000000E-06          0.00012482903           0.077373761       3.0000000E-06            0.044641681            0.19276571
         2     0.00017664757       1.0000000E-06          0.00012482903           0.077373761       2.0000000E-06            0.044641681            0.19276571
         2     0.00017664757       2.0000000E-06          0.00012482903           0.077373761       2.0000000E-06            0.044641681            0.19276571
         3     0.00012336349       1.0000000E-06          9.3905572E-05           0.066528373       3.0000000E-06            0.031050592            0.19276571
         3     0.00012336349       2.0000000E-06          9.3905572E-05           0.066528373       2.2000000E-05            0.031050592            0.19276571
         3     0.00012336349       3.0000000E-06          9.3905572E-05           0.066528373       3.0000000E-06            0.031050592            0.19276571
         3     0.00012336349       2.0000000E-06          9.3905572E-05           0.066528373       2.0000000E-06            0.031050592            0.19276571
         4     9.2529496E-05       3.0000000E-06          7.5321448E-05           0.075111246       4.0000000E-06            0.024445401            0.19276571
         4     9.2529496E-05       2.0000000E-06          7.5321448E-05           0.075111246       2.0000000E-06            0.024445401            0.19276571
         5     7.9656732E-05       3.0000000E-06          6.1347303E-05            0.16121818       4.0000000E-06            0.079460508            0.19276571
         5     7.9656732E-05       3.0000000E-06          6.1347303E-05            0.16121818       4.0000000E-06            0.079460508            0.19276571
         6     6.6382433E-05       3.0000000E-06          5.2539271E-05            0.13482591       4.0000000E-06            0.070463911            0.19276571
         6     6.6382433E-05       4.0000000E-06          5.2539271E-05            0.13482591       4.0000000E-06            0.070463911            0.19276571
         7      0.0077194993       4.0000000E-06           0.0070855525            0.11705600       5.0000000E-06            0.062598197            0.19276571
         8      0.0067549659       4.0000000E-06           0.0062651639            0.10392666       5.0000000E-06            0.056133413            0.19276571
         9      0.0060044152       3.0000000E-06           0.0056138116           0.092379345       4.0000000E-06            0.051070268            0.19276571
        10      0.0055210061       5.0000000E-06           0.0050732011            0.10350587       6.0000000E-06            0.047159721            0.19276571
        10      0.0055210061       3.0000000E-06           0.0050732011            0.10350587       5.0000000E-06            0.047159721            0.19276571
        12      0.0051342690       5.0000000E-06           0.0042517882            0.73343442       7.0000000E-06             0.60683737            0.19276571
        13      0.0047393686       5.0000000E-06           0.0039430239            0.67701640       8.0000000E-06             0.56277407            0.19276571
        14      0.0044008502       6.0000000E-06           0.0036758819            0.62966529       8.0000000E-06             0.52456417            0.19276571
        15      0.0041074602       6.0000000E-06           0.0034425116            0.58769199       9.0000000E-06             0.49126962            0.19276571
        17      0.0036242644       6.0000000E-06           0.0030544187            0.60865778       8.0000000E-06             0.43612850            0.19276571
        19      0.0033468262       7.0000000E-06           0.0027401807            0.60304624       9.0000000E-06             0.39218253            0.19276571
        20      0.0031795232       7.0000000E-06           0.0026082741            0.57289423       9.0000000E-06             0.37373069            0.19276571
        22      0.0028965784       8.0000000E-06           0.0023788232            0.52548265       1.2000000E-05             0.34127134            0.19276571
        25      0.0025559484       8.0000000E-06           0.0021014798            0.46481011       1.2000000E-05             0.30211672            0.19276571
        27      0.0023666869       1.0000000E-05           0.0019500712            0.43063910       1.4000000E-05             0.28070233            0.19276571
        30      0.0021441078       1.0000000E-05           0.0017593308            0.39731332       1.4000000E-05             0.25341409            0.19276571
        33      0.0019491952       1.1000000E-05           0.0016029866            0.44105311       1.7000000E-05             0.23546533            0.19276571
        36      0.0017868078       1.3000000E-05           0.0014721435            0.40444032       1.8000000E-05             0.21678998            0.19276571
        39      0.0016499013       1.4000000E-05           0.0013610221            0.37442176       1.9000000E-05             0.20080719            0.19276571
        43      0.0014965021       1.5000000E-05           0.0012365747            0.35778428       2.3000000E-05             0.18292245            0.19276571
        47      0.0030859828       1.6000000E-05           0.0020166374            0.33991656       2.4000000E-05             0.16785723            0.19276571
        52      0.0027895661       1.8000000E-05           0.0018270817            0.30811228       4.6000000E-05             0.15231965            0.19276571
        57      0.0025451555       1.5000000E-05           0.0016700777            0.29078720       2.5000000E-05             0.13932053            0.19276571
        63      0.0023036294       1.7000000E-05           0.0015139307            0.27334025       2.6000000E-05             0.12639216            0.19276571
        69      0.0021056955       1.9000000E-05           0.0013844411            0.26132392       3.0000000E-05             0.11571934            0.19276571
        75      0.0019384355       2.1000000E-05           0.0012753688            0.26459909       3.0000000E-05             0.10811315            0.19276571
        83      0.0017543566       2.3000000E-05           0.0011541027            0.25294249       3.5000000E-05            0.098200586            0.19276571
        91      0.0016010049       2.4000000E-05           0.0010539160            0.24005880       3.8000000E-05            0.089951705            0.19276571
       100      0.0014577581       2.9000000E-05          0.00096014480            0.24692615       4.0000000E-05            0.084866028            0.19276571
       109      0.0013555768       3.4000000E-05          0.00088158927            0.24244907       4.7000000E-05            0.078340304            0.19276571
       120      0.0012453254       3.2000000E-05          0.00080145570            0.22962820       4.8000000E-05            0.071372645            0.19276571
       131      0.0011445397       3.4000000E-05          0.00073473716            0.21909323       5.1000000E-05            0.065696359            0.19276571
       144      0.0020497650       3.8000000E-05           0.0011609411            0.20177010       5.8000000E-05            0.059948296            0.19276571
       158      0.0019031709       4.1000000E-05           0.0010589781            0.19689789       6.2000000E-05            0.055237035            0.19276571
       173      0.0017401271       4.6000000E-05          0.00096799644            0.22068999       7.0000000E-05            0.059857655            0.19276571
       190      0.0016232762       5.0000000E-05          0.00088211865            0.21622924       7.5000000E-05            0.055511913            0.19276571
       208      0.0014902373       5.3000000E-05          0.00080635164            0.21058868       8.2000000E-05            0.051115872            0.19276571
       229      0.0056534965       6.0000000E-05           0.0043439549            0.20066184       9.1000000E-05            0.046618680            0.19276571
       251      0.0052920560       6.5000000E-05           0.0039658760            0.20132428       9.8000000E-05            0.043278097            0.19276571
       275      0.0054307200       7.1000000E-05           0.0036649319            0.19140017       0.00010700000            0.039638842            0.19276571
       301      0.0049745759       7.8000000E-05           0.0033494597            0.18442061       0.00011800000            0.036688471            0.19276571
       331      0.0045412184       8.5000000E-05           0.0030468500            0.18641439       0.00013100000            0.034691522            0.19276571
       363       0.015296717       9.3000000E-05           0.0093250899            0.17270366       0.00014300000            0.031722905            0.19276571
       398       0.014232595       0.00010100000           0.0085110183            0.20922119       0.00019900000            0.044577020            0.19276571
       436       0.015742271       0.00021100000           0.0079646385            0.19760293       0.00025400000            0.040809594            0.19276571
       478       0.014371440       0.00012300000           0.0072676290            0.18969134       0.00019000000            0.037368899            0.19276571
       524       0.013661732       0.00013700000           0.0066392128            0.19140924       0.00020800000            0.036057804            0.19276571
       575       0.012557930       0.00014600000           0.0060529102            0.19527364       0.00024800000            0.034611338            0.19276571
       630       0.011474623       0.00017500000           0.0055262469            0.18738834       0.00025400000            0.031741461            0.19276571
       691       0.023001297       0.00019400000            0.012975593            0.18506993       0.00027800000            0.029230883            0.19276571
       758       0.080552866       0.00023500000            0.049819330            0.18061230       0.00030500000            0.026971231            0.19276571
       831       0.075934265       0.00020700000            0.045497128            0.17630138       0.00025500000            0.024843179            0.19276571
       912        0.10214441       0.00017900000            0.052644398            0.17184259       0.00027700000            0.022911699            0.19276571
      1000       0.093213494       0.00020500000            0.048020318            0.18163575       0.00031700000            0.023911056            0.19276571
      1096       0.085659196       0.00025700000            0.043824093            0.17325618       0.00050700000            0.021911506            0.19276571
      1202       0.079436824       0.00029700000            0.039969410            0.17791790       0.00037500000            0.020738208            0.19276571
      1318       0.090154904       0.00032200000            0.040385512            0.19254200       0.00040300000            0.024685346            0.19276571
      1445       0.082328376       0.00028300000            0.036842062            0.18344924       0.00044200000            0.022614450            0.19276571
      1584       0.075950969       0.00031200000            0.033616262            0.17726653       0.00051400000            0.020745404            0.19276571
      1737       0.089346003       0.00035000000            0.033735558            0.18210498       0.00056100000            0.019805611            0.19276571
      1905        0.10006702       0.00037400000            0.035260866            0.18403645       0.00066100000            0.019357960            0.19276571
      2089       0.091576180       0.00041400000            0.032160947            0.18090125       0.00060200000            0.017892501            0.19276571
      2290       0.085077511       0.00038100000            0.029349737            0.18011086       0.00058500000            0.016754454            0.19276571
      2511       0.078563479       0.00041800000            0.026785187            0.17717468       0.00064100000            0.015504935            0.19276571
      2754       0.073934703       0.00045800000            0.024456714            0.17944731       0.00070900000            0.015029217            0.19276571
      3019       0.068081546       0.00052700000            0.022313943            0.17934228       0.00077600000            0.014529236            0.19276571
      3311       0.064280894       0.00054600000            0.020457752            0.18466204       0.00085900000            0.013886704            0.19276571
      3630       0.061734430       0.00060600000            0.018737660            0.18161550        0.0010260000            0.012912256            0.19276571
      3981       0.058102240       0.00066200000            0.017135882            0.19169753        0.0010370000            0.013424959            0.19276571
      4365       0.059922747       0.00072700000            0.016101751            0.19129499        0.0010100000            0.012556262            0.19276571
      4786       0.055667237       0.00072100000            0.014698837            0.18812276        0.0010850000            0.011654836            0.19276571
      5248       0.057669298       0.00077000000            0.014985205            0.18983449        0.0011890000            0.011052944            0.19276571
      5754       0.078974416       0.00084300000            0.022549055            0.19283060        0.0013330000            0.010776354            0.19276571
      6309       0.075325344       0.00089200000            0.020725771            0.19257341        0.0013880000            0.010288895            0.19276571
      6918       0.074513779       0.00095300000            0.019239135            0.19130135        0.0014820000           0.0095750906            0.19276571
      7585        0.18665809        0.0010870000             0.11812448            0.19025287        0.0016840000           0.0090537355            0.19276571
      8317        0.17106951        0.0011510000             0.10773056            0.18572943        0.0017870000           0.0083786487            0.19276571
      9120        0.16168818        0.0012550000            0.098298338            0.18463137        0.0019480000           0.0079273986            0.19276571
     10000        0.15039563        0.0013820000            0.089661639            0.18273179        0.0021370000           0.0074468333            0.19276571
     10964        0.13863095        0.0015050000            0.081784235            0.18126549        0.0023440000           0.0070822513            0.19276571
     12022        0.12922410        0.0016570000            0.074598734            0.18143267        0.0025630000           0.0067826698            0.19276571
     13182        0.12182314        0.0018110000            0.068062430            0.18020846        0.0028130000           0.0065487156            0.19276571
     14454        0.11371762        0.0019840000            0.062079699            0.18087491        0.0030980000           0.0062070468            0.19276571
     15848        0.10765900        0.0022290000            0.056674549            0.18285976        0.0034210000           0.0063909279            0.19276571
     17378        0.10606779        0.0024350000            0.052015856            0.18922973        0.0037460000           0.0073484907            0.19276571
     19054        0.11659989        0.0026170000            0.048600962            0.18780098        0.0040580000           0.0068360954            0.19276571
     20892        0.11415972        0.0030850000            0.044574462            0.18803528        0.0053080000           0.0064306670            0.19276571
     22908        0.11153912        0.0031860000            0.040809736            0.18778008        0.0048720000           0.0060064140            0.19276571
     25118        0.10583540        0.0036060000            0.037277350            0.18959020        0.0055050000           0.0057978310            0.19276571
     27542        0.11730972        0.0038420000            0.035246066            0.18935787        0.0058770000           0.0054460124            0.19276571
     30199        0.11590145        0.0041890000            0.032556836            0.18764662        0.0066500000           0.0051146658            0.19276571
     33113        0.11193119        0.0045840000            0.029796009            0.18876702        0.0071270000           0.0050706188            0.19276571
     36307        0.12003174        0.0049890000            0.028550449            0.18871673        0.0077880000           0.0048067479            0.19276571
     39810        0.11380189        0.0055370000            0.026068096            0.18916931        0.0087230000           0.0045479108            0.19276571
     43651        0.10929170        0.0064400000            0.023893605            0.18878981        0.0093810000           0.0045271162            0.19276571
     47863        0.10264276        0.0069100000            0.021815525            0.18820133         0.010221000           0.0043452033            0.19276571
     52480        0.10264325        0.0076600000            0.020074290            0.18894569         0.011202000           0.0041359320            0.19276571
     57543        0.10050602        0.0079740000            0.018663322            0.18889864         0.012321000           0.0039210516            0.19276571
     63095        0.24305459        0.0086610000             0.12229578            0.18824231         0.013953000           0.0036813202            0.19276571
     69183        0.22730535        0.0095840000             0.11155159            0.18985485         0.015115000           0.0036122372            0.19276571
     75857        0.21744060         0.010602000             0.10182141            0.19025278         0.016390000           0.0035143183            0.19276571
     83176        0.20232409         0.011450000            0.092868122            0.19177555         0.017984000           0.0034620487            0.19276571
     91201        0.19540758         0.012708000            0.084777357            0.19189005         0.019663000           0.0032574009            0.19276571
    100000        0.22267311         0.013851000            0.085552573            0.19437305         0.022166000           0.0032879712            0.19276571
    109647        0.21425610         0.015246000            0.078089946            0.19317641         0.023857000           0.0030705052            0.19276571
    120226        0.20751334         0.017054000            0.071648469            0.19167213         0.025871000           0.0028747149            0.19276571
    131825        0.22147991         0.018171000            0.066675467            0.19175083         0.028477000           0.0027171803            0.19276571
    144543        0.21039536         0.019955000            0.060840162            0.19080365         0.031086000           0.0025520213            0.19276571
    158489        0.21222692         0.021908000            0.056745866            0.19149643         0.034397000           0.0025131576            0.19276571
    173780        0.21344562         0.024328000            0.053391752            0.19262175         0.037048000           0.0024285846            0.19276571
    190546        0.20787912         0.026367000            0.049015721            0.19353085         0.041293000           0.0023165924            0.19276571
    208929        0.21607292         0.029114000            0.047724295            0.19439313         0.045009000           0.0022035189            0.19276571
    229086        0.20562496         0.031961000            0.043664892            0.19378884         0.048548000           0.0020899695            0.19276571
    251188        0.20014282         0.033737000            0.039967805            0.19267293         0.054621000           0.0019638659            0.19276571
    275422        0.18952991         0.038199000            0.036482842            0.19149732         0.061156000           0.0018413031            0.19276571
    301995        0.22150162         0.041268000            0.038706158            0.19117863         0.064608000           0.0017407998            0.19276571
    331131        0.21874364         0.045935000            0.035878272            0.19195771         0.071633000           0.0016678081            0.19276571
    363078        0.21021357         0.050460000            0.032873585            0.19243986         0.076719000           0.0016022837            0.19276571
    398107        0.20027699         0.054892000            0.030038207            0.19188992         0.084496000           0.0015152778            0.19276571
    436515        0.19005965         0.060187000            0.027423938            0.19153967         0.093882000           0.0014297847            0.19276571
    478630        0.18190716         0.067090000            0.025067891            0.19168746          0.10212500           0.0013768323            0.19276571
    524807        0.18679317         0.071283000            0.024003766            0.19187865          0.11145600           0.0013199504            0.19276571
    575439        0.18209215         0.078741000            0.022042809            0.19186162          0.12217900           0.0012688168            0.19276571
    630957        0.18583693         0.086727000            0.020621471            0.19280236          0.13331800           0.0012320505            0.19276571
    691830        0.18055458         0.094746000            0.018914554            0.19286885          0.14457300           0.0011755883            0.19276571
    758577        0.18355686          0.10334000            0.018330817            0.19293224          0.15991000           0.0011280747            0.19276571
    831763        0.18100811          0.11346000            0.017022788            0.19296760          0.17468900           0.0011071731            0.19276571
    912010        0.17559875          0.12446800            0.015688671            0.19339051          0.19204800           0.0010676988            0.19276571
   1000000        0.19019096          0.13796100            0.017682291            0.19297597          0.21603900           0.0010117998            0.19276571
   1096478        0.18408055          0.15322200            0.016240422            0.19321232          0.23763600          0.00097007790            0.19276571
   1202264        0.17744796          0.16645400            0.014877727            0.19283136          0.25990500          0.00092164517            0.19276571
   1318256        0.19002627          0.17999700            0.020645284            0.19297835          0.28308700          0.00088084380            0.19276571
   1445439        0.18722608          0.19913900            0.019022329            0.19259809          0.31271500          0.00083432794            0.19276571
   1584893        0.18326950          0.23404200            0.017464217            0.19264384          0.35012900          0.00079142706            0.19276571
   1737800        0.18671029          0.24151200            0.017444441            0.19258612          0.37626200          0.00075217506            0.19276571
   1905460        0.18436839          0.26488800            0.016130374            0.19292575          0.41385800          0.00071830283            0.19276571
   2089296        0.18556498          0.29226800            0.015107139            0.19271732          0.45384900          0.00068499325            0.19276571
   2290867        0.17777910          0.31826500            0.013805061            0.19269671          0.49463900          0.00065751197            0.19276571
   2511886        0.17789311          0.34814000            0.012771311            0.19257757          0.54270000          0.00065155880            0.19276571
   2754228        0.17739314          0.38012500            0.011871420            0.19266692          0.58523000          0.00062070052            0.19276571
   3019951        0.17567110          0.40386800            0.011093774            0.19267937          0.63118000          0.00058869830            0.19276571
   3311311        0.17542009          0.44522200            0.010657724            0.19243346          0.68700900          0.00056132874            0.19276571
   3630780        0.17085516          0.48853100           0.0098298960            0.19237493          0.76012300          0.00053588252            0.19276571
   3981071        0.16863877          0.53703300           0.0091247808            0.19239273          0.84337100          0.00051752952            0.19276571
   4365158        0.16727061          0.58999900           0.0084527436            0.19243742          0.91509700          0.00049276994            0.19276571
   4786300        0.17102969          0.63957400           0.0086757389            0.19255071          0.99266000          0.00046976236            0.19276571
   5248074        0.17165537          0.70081500           0.0081562706            0.19247323           1.0904420          0.00044643431            0.19276571
   5754399        0.17000208          0.77157500           0.0076037673            0.19243170           1.2160530          0.00042579809            0.19276571
   6309573        0.18153389          0.85771600            0.011039869            0.19255222           1.3146990          0.00040772376            0.19276571
   6918309        0.17766039          0.92276600            0.010123618            0.19265852           1.4285350          0.00039243010            0.19276571
   7585775        0.17748938           1.0086450           0.0094924025            0.19273166           1.5682540          0.00037485535            0.19276571
   8317637        0.17786889           1.1068460           0.0088706406            0.19297613           1.7183560          0.00037239933            0.19276571
   9120108        0.17581309           1.2243850           0.0081988760            0.19293428           1.8989600          0.00035522917            0.19276571
  10000000        0.17907580           1.3325670           0.0078753400            0.19271646           2.0738960          0.00033539570            0.19276571
  10964781        0.17868304           1.5032250           0.0073616054            0.19269500           2.3280000          0.00032129876            0.19276571
  12022644        0.17946410           1.6357740           0.0069043003            0.19258009           2.4938160          0.00030696696            0.19276571
  13182567        0.17991987           1.7527970           0.0065519372            0.19249509           2.7246090          0.00029104187            0.19276571
  14454397        0.18487552           1.9220250           0.0069616519            0.19267031           2.9849270          0.00029269465            0.19276571
  15848931        0.18521671           2.1058420           0.0065056716            0.19261583           3.2714620          0.00027666134            0.19276571
  17378008        0.18605800           2.3122240           0.0061368225            0.19262639           3.5852780          0.00026222298            0.19276571
  19054607        0.18863735           2.5455710           0.0065708518            0.19260174           3.9536880          0.00024894691            0.19276571
  20892961        0.18628326           2.9009690           0.0060849711            0.19261737           4.3494630          0.00023665846            0.19276571
  22908676        0.19226201           3.0489040           0.0075173633            0.19256515           4.7378110          0.00022508246            0.19276571
  25118864        0.19264792           3.3443120           0.0070478347            0.19254444           5.1922110          0.00021410322            0.19276571
  27542287        0.19381245           3.6776280           0.0066037145            0.19262897           5.6997460          0.00020372135            0.19276571
  30199517        0.19413608           4.0277560           0.0062146371            0.19252550           6.3696870          0.00019327082            0.19276571
  33113112        0.19591796           4.3928560           0.0058563091            0.19253465           6.8214600          0.00018392604            0.19276571
  36307805        0.19567344           4.8359780           0.0054711429            0.19255757           7.5074690          0.00017503889            0.19276571
  39810717        0.19267159           5.2933050           0.0050495386            0.19259760           8.2644910          0.00016750633            0.19276571
  43651583        0.19151566           5.8116360           0.0046888791            0.19265680           9.1605340          0.00016013132            0.19276571
  47863009        0.19135331           6.3778830           0.0044804201            0.19264082           9.8808730          0.00015222679            0.19276571
  52480746        0.19128571           6.9808610           0.0042722394            0.19272323           10.851964          0.00014558062            0.19276571
  57543993        0.18985183           7.6667630           0.0039717239            0.19272447           11.868142          0.00013829278            0.19276571
  63095734        0.19008006           8.4122460           0.0037976159            0.19273042           13.006865          0.00013204262            0.19276571
  69183097        0.18922174           9.2057060           0.0035586139            0.19271937           14.380496          0.00012571402            0.19276571
  75857757        0.19384781           10.088592           0.0044113117            0.19276177           15.700271          0.00011985828            0.19276571
  83176377        0.19335746           11.079175           0.0041049905            0.19277455           17.166098          0.00011442842            0.19276571
  91201083        0.19422549           12.145243           0.0039334288            0.19277733           18.769632          0.00010922257            0.19276571
 100000000        0.19275395           13.279836           0.0036391336            0.19278888           20.605690          0.00010414166            0.19276571
