|   N:  |  Legendre:    |  CPU-time Legendre:    | Relative error Legendre: |   Laguerre:  | CPU-time Laguerre | Relative error Laguerre: |  Excact result: |
|       |               |                        |                          |              |                   |                          |                 |
    1         0.0000000       3.0000000E-06              1.0000000             0.0000000       7.0000000E-06              1.0000000            0.19276571
    2     3.6218702E-07       3.0000000E-06             0.99999812            0.12107106       7.0000000E-06             0.37192637            0.19276571
    3        0.10867179       2.9000000E-05             0.43624936            0.15195792       7.0000000E-05             0.21169632            0.19276571
    4     0.00093704737       0.00017500000             0.99513893            0.16602049       0.00045500000             0.13874471            0.19276571
    5        0.26424897       0.00059200000             0.37082975            0.17344965        0.0014050000             0.10020488            0.19276571
    6       0.013032418        0.0017350000             0.93239245            0.17812256        0.0040130000            0.075963478            0.19276571
    7        0.32952507        0.0040530000             0.70945896            0.18129431        0.0097730000            0.059509526            0.19276571
    8       0.040638409        0.0081820000             0.78918238            0.18354612         0.020975000            0.047827962            0.19276571
    9        0.32151831         0.016626000             0.66792271            0.18520250         0.042996000            0.039235267            0.19276571
   10       0.071979677         0.031135000             0.62659502            0.18645734         0.078558000            0.032725561            0.19276571
   11        0.29126065         0.053683000             0.51095672            0.18743164          0.13557500            0.027671249            0.19276571
   12       0.099032016         0.094195000             0.48625710            0.18820383          0.22724700            0.023665394            0.19276571
   13        0.26182101          0.14574500             0.35823434            0.18882658          0.37051800            0.020434801            0.19276571
   14        0.12003677          0.22790000             0.37729191            0.18933633          0.56363600            0.017790401            0.19276571
   15        0.23908829          0.34297700             0.24030508            0.18975898          0.86452600            0.015597842            0.19276571
   16        0.13575194          0.50322800             0.29576719            0.19011336           1.3222190            0.013759434            0.19276571
   17        0.22293253          0.74621200             0.15649474            0.19041345           1.8167480            0.012202704            0.19276571
   18        0.14742228           1.0186970             0.23522560            0.19066978           2.5732420            0.010872925            0.19276571
   19        0.21183181           1.4060450            0.098908167            0.19089046           3.5747670           0.0097281194            0.19276571
   20        0.15613939           1.9160340             0.19000433            0.19108178           4.8021950           0.0087356352            0.19276571
