|   N:  |  Legendre:    | Relative error Legendre: |   Laguerre:  |  Relative error Laguerre: |  Excact result: |
|       |               |                          |              |                           |                 |
    1         0.0000000           1.0000000           0.0000000              1.0000000          0.19276571
    2     3.6218702E-07          0.99999812          0.12107106             0.37192637          0.19276571
    3        0.10867179          0.43624936          0.15195792             0.21169632          0.19276571
    4     0.00093704737          0.99513893          0.16602049             0.13874471          0.19276571
    5        0.26424897         -0.37082975          0.17344965             0.10020488          0.19276571
    6       0.013032418          0.93239245          0.17812256            0.075963478          0.19276571
    7        0.32952507         -0.70945896          0.18129431            0.059509526          0.19276571
    8       0.040638409          0.78918238          0.18354612            0.047827962          0.19276571
    9        0.32151831         -0.66792271          0.18520250            0.039235267          0.19276571
   10       0.071979677          0.62659502          0.18645734            0.032725561          0.19276571
   11        0.29126065         -0.51095672          0.18743164            0.027671249          0.19276571
   12       0.099032016          0.48625710          0.18820383            0.023665394          0.19276571
   13        0.26182101         -0.35823434          0.18882658            0.020434801          0.19276571
   14        0.12003677          0.37729191          0.18933633            0.017790403          0.19276571
   15        0.23908829         -0.24030508          0.18975898            0.015597843          0.19276571
   16        0.13575194          0.29576719          0.19011336            0.013759435          0.19276571
   17        0.22293253         -0.15649474          0.19041345            0.012202707          0.19276571
   18        0.14742228          0.23522560          0.19066978            0.010872927          0.19276571
   19        0.21183181        -0.098908167          0.19089046           0.0097281252          0.19276571
   20        0.15613939          0.19000433          0.19108178           0.0087356400          0.19276571
   21        0.20430701        -0.059872177          0.19124869           0.0078697562          0.19276571
   22        0.16272730          0.15582860          0.19139515           0.0071099837          0.19276571
   23        0.19923189        -0.033544215          0.19152433           0.0064398280          0.19276571
   24        0.16777669          0.12963413          0.19163882           0.0058458912          0.19276571
   25        0.19581657        -0.015826747          0.19174074           0.0053171901          0.19276571
