|   N:  |  Legendre:    |  CPU-time Legendre:    | Relative error Legendre: |   Laguerre:  | CPU-time Laguerre | Relative error Laguerre: |  Excact result: |
|       |               |                        |                          |              |                   |                          |                 |
    1         0.0000000       1.0000000E-06              1.0000000             0.0000000       9.0000000E-06              1.0000000            0.19276571
    2     5.2416126E-13       3.0000000E-06              1.0000000            0.12107106       7.0000000E-06             0.37192637            0.19276571
    3      0.0027956809       3.5000000E-05             0.98549700            0.15195792       6.7000000E-05             0.21169632            0.19276571
    4     9.5092573E-07       0.00019200000             0.99999507            0.16602049       0.00032300000             0.13874471            0.19276571
    5       0.042368688       0.00065400000             0.78020630            0.17344965        0.0012880000             0.10020488            0.19276571
    6     0.00020831934        0.0018120000             0.99891931            0.17812256        0.0036390000            0.075963478            0.19276571
    7        0.14071043        0.0048390000             0.27004430            0.18129431        0.0099490000            0.059509526            0.19276571
    8      0.0027314021         0.010592000             0.98583046            0.18354612         0.021492000            0.047827962            0.19276571
    9        0.23879521         0.021272000            -0.23878469            0.18520250         0.043213000            0.039235267            0.19276571
   10       0.011164658         0.038818000             0.94208172            0.18645734         0.080249000            0.032725561            0.19276571
   11        0.29744699         0.070061000            -0.54304929            0.18743164          0.14025800            0.027671249            0.19276571
   12       0.025881800          0.11777300             0.86573442            0.18820383          0.23597700            0.023665394            0.19276571
   13        0.31835014          0.18771700            -0.65148740            0.18882658          0.38411400            0.020434801            0.19276571
   14       0.044188321          0.29476700             0.77076670            0.18933633          0.59143900            0.017790403            0.19276571
   15        0.31586300          0.44393100            -0.63858497            0.18975898          0.89610800            0.015597843            0.19276571
   16       0.063172960          0.65410900             0.67228114            0.19011336           1.3300530            0.013759435            0.19276571
   17        0.30226824          0.94659600            -0.56806021            0.19041345           1.8979020            0.012202707            0.19276571
   18       0.080985001           1.3165040             0.57987860            0.19066978           2.6621030            0.010872927            0.19276571
   19        0.28506442           1.8194750            -0.47881292            0.19089046           3.7017810           0.0097281252            0.19276571
   20       0.096788762           2.4444870             0.49789430            0.19108178           4.9351340           0.0087356400            0.19276571
