|   N:  |  Legendre:    | Relative error Legendre: |   Laguerre:  |  Relative error Laguerre: |  Excact result: |
|       |               |                          |              |                           |                 |
    1         0.0000000           1.0000000             0.0000000             1.0000000            0.19276571
    2     3.6218702E-07          0.99999812            0.12107106            0.37192637            0.19276571
    3        0.10867179          0.43624936            0.15195792            0.21169632            0.19276571
    4     0.00093704737          0.99513893            0.16602049            0.13874471            0.19276571
    5        0.26424897         -0.37082975            0.17344965            0.10020488            0.19276571
    6       0.013032418          0.93239245            0.17812256           0.075963478            0.19276571
    7        0.32952507         -0.70945896            0.18129431           0.059509526            0.19276571
    8       0.040638409          0.78918238            0.18354612           0.047827962            0.19276571
    9        0.32151831         -0.66792271            0.18520250           0.039235267            0.19276571
   10       0.071979677          0.62659502            0.18645734           0.032725561            0.19276571
   11        0.29126065         -0.51095672            0.18743164           0.027671249            0.19276571
   12       0.099032016          0.48625710            0.18820383           0.023665394            0.19276571
   13        0.26182101         -0.35823434            0.18882658           0.020434801            0.19276571
   14        0.12003677          0.37729191            0.18933633           0.017790403            0.19276571
   15        0.23908829         -0.24030508            0.18975898           0.015597843            0.19276571
   16        0.13575194          0.29576719            0.19011336           0.013759435            0.19276571
   17        0.22293253         -0.15649474            0.19041345           0.012202707            0.19276571
   18        0.14742228          0.23522560            0.19066978           0.010872927            0.19276571
   19        0.21183181        -0.098908167            0.19089046          0.0097281252            0.19276571
   20        0.15613939          0.19000433            0.19108178          0.0087356400            0.19276571
   21        0.20430701        -0.059872177            0.19124869          0.0078697562            0.19276571
   22        0.16272730          0.15582860            0.19139515          0.0071099837            0.19276571
   23        0.19923189        -0.033544215            0.19152433          0.0064398280            0.19276571
   24        0.16777669          0.12963413            0.19163882          0.0058458912            0.19276571
   25        0.19581657        -0.015826747            0.19174074          0.0053171901            0.19276571
   26        0.17170419          0.10925969            0.19183183          0.0048446562            0.19276571
   27        0.19352439       -0.0039357666            0.19191354          0.0044207484            0.19276571
   28        0.17480346         0.093181793            0.19198710          0.0040391431            0.19276571
   29        0.19199458        0.0040003632            0.19205354          0.0036945135            0.19276571
   30        0.17728296         0.080319028            0.19211371          0.0033823492            0.19276571
   31        0.19098472        0.0092391291            0.19216837          0.0030988014            0.19276571
   32        0.17929224         0.069895566            0.19221815          0.0028405766            0.19276571
   33        0.19033127         0.012629004            0.19226359          0.0026048340            0.19276571
   34        0.18093994         0.061347923            0.19230517          0.0023891254            0.19276571
   35        0.18992314         0.014746254            0.19234330          0.0021913253            0.19276571
   36        0.18230595         0.054261516            0.19237833          0.0020095778            0.19276571
   37        0.18968431         0.015985197            0.19241059          0.0018422575            0.19276571
   38        0.18344985         0.048327354            0.19244033          0.0016879461            0.19276571
   39        0.18956239         0.016617681            0.19246781          0.0015453852            0.19276571
   40        0.18441660         0.043312223            0.19249324          0.0014134742            0.19276571
   41        0.18952099         0.016832455            0.19251681          0.0012912240            0.19276571
   42        0.18524053         0.039037965            0.19253868          0.0011777669            0.19276571
   43        0.18953469         0.016761397            0.19255900          0.0010723255            0.19276571
   44        0.18594818         0.035366907            0.19257792         0.00097420631            0.19276571
   45        0.18958563         0.016497130            0.19259554         0.00088278594            0.19276571
   46        0.18656029         0.032191500            0.19261198         0.00079750840            0.19276571
   47        0.18966123         0.016104967            0.19262733         0.00071787134            0.19276571
   48        0.18709322         0.029426869            0.19264168         0.00064342440            0.19276571
   49        0.18975258         0.015631076            0.19265511         0.00057375373            0.19276571
   50        0.18756000         0.027005385            0.19266769         0.00050849452            0.19276571
