|   N:  |  Legendre:    | Relative error Legendre: |   Laguerre:  |  Relative error Laguerre: |  Excact result: |
|       |               |                          |              |                           |                 |
    1         0.0000000           1.0000000             0.0000000             1.0000000            0.19276571
    2     3.6218702E-07          0.99999812            0.12107106            0.37192637            0.19276571
    3        0.10867179          0.43624936            0.15195792            0.21169632            0.19276571
    4     0.00093704737          0.99513893            0.16602049            0.13874471            0.19276571
    5        0.26424897         -0.37082975            0.17344965            0.10020488            0.19276571
    6       0.013032418          0.93239245            0.17812256           0.075963478            0.19276571
    7        0.32952507         -0.70945896            0.18129431           0.059509526            0.19276571
    8       0.040638409          0.78918238            0.18354612           0.047827962            0.19276571
    9        0.32151831         -0.66792271            0.18520250           0.039235267            0.19276571
   10       0.071979677          0.62659502            0.18645734           0.032725561            0.19276571
