|   N:  |  Legendre:    |  CPU-time Legendre:    | Relative error Legendre: |   Laguerre:  | CPU-time Laguerre | Relative error Laguerre: |  Excact result: |
|       |               |                        |                          |              |                   |                          |                 |
    1         0.0000000       5.0000000E-06              1.0000000             0.0000000       1.6000000E-05              1.0000000            0.19276571
    2     3.6218702E-07       1.0000000E-05             0.99999812            0.12107106       1.8000000E-05             0.37192637            0.19276571
    3        0.10867179       8.4000000E-05             0.43624936            0.15195792       0.00017300000             0.21169632            0.19276571
    4     0.00093704737       0.00046300000             0.99513893            0.16602049       0.00080600000             0.13874471            0.19276571
    5        0.26424897        0.0013510000            -0.37082975            0.17344965        0.0026350000             0.10020488            0.19276571
    6       0.013032418        0.0036100000             0.93239245            0.17812256        0.0066840000            0.075963478            0.19276571
    7        0.32952507        0.0064590000            -0.70945896            0.18129431         0.011436000            0.059509526            0.19276571
    8       0.040638409         0.011179000             0.78918238            0.18354612         0.021037000            0.047827962            0.19276571
    9        0.32151831         0.021107000            -0.66792271            0.18520250         0.042428000            0.039235267            0.19276571
   10       0.071979677         0.038212000             0.62659502            0.18645734         0.078910000            0.032725561            0.19276571
   11        0.29126065         0.068630000            -0.51095672            0.18743164          0.14027100            0.027671249            0.19276571
   12       0.099032016          0.11695600             0.48625710            0.18820383          0.23037100            0.023665394            0.19276571
   13        0.26182101          0.18552500            -0.35823434            0.18882658          0.37617400            0.020434801            0.19276571
   14        0.12003677          0.28983800             0.37729191            0.18933633          0.57890600            0.017790403            0.19276571
   15        0.23908829          0.43947400            -0.24030508            0.18975898          0.88945300            0.015597843            0.19276571
   16        0.13575194          0.64902800             0.29576719            0.19011336           1.3108330            0.013759435            0.19276571
   17        0.22293253          0.92770100            -0.15649474            0.19041345           1.8716880            0.012202707            0.19276571
   18        0.14742228           1.3078960             0.23522560            0.19066978           2.6185710            0.010872927            0.19276571
   19        0.21183181           1.7878330           -0.098908167            0.19089046           3.6224250           0.0097281252            0.19276571
   20        0.15613939           2.4430250             0.19000433            0.19108178           4.8717460           0.0087356400            0.19276571
   21        0.20430701           3.2460760           -0.059872177            0.19124869           6.5611200           0.0078697562            0.19276571
   22        0.16272730           4.3046860             0.15582860            0.19139515           8.7627150           0.0071099837            0.19276571
   23        0.19923189           5.6144050           -0.033544215            0.19152433           11.925878           0.0064398280            0.19276571
   24        0.16777669           7.4399290             0.12963413            0.19163882           15.200105           0.0058458912            0.19276571
   25        0.19581657           9.2749340           -0.015826747            0.19174074           18.883717           0.0053171901            0.19276571
