|   N:  |  Legendre:    |   Laguerre:  |  Excact result: |
|       |               |              |                 |
    1         0.0000000      0.0000000     0.19276571
    2     3.6218702E-07     0.12107106     0.19276571
    3        0.10867179     0.15195792     0.19276571
    4     0.00093704737     0.16602049     0.19276571
    5        0.26424897     0.17344965     0.19276571
    6       0.013032418     0.17812256     0.19276571
    7        0.32952507     0.18129431     0.19276571
    8       0.040638409     0.18354612     0.19276571
    9        0.32151831     0.18520250     0.19276571
   10       0.071979677     0.18645734     0.19276571
   11        0.29126065     0.18743164     0.19276571
   12       0.099032016     0.18820383     0.19276571
   13        0.26182101     0.18882658     0.19276571
   14        0.12003677     0.18933633     0.19276571
   15        0.23908829     0.18975898     0.19276571
   16        0.13575194     0.19011336     0.19276571
   17        0.22293253     0.19041345     0.19276571
   18        0.14742228     0.19066978     0.19276571
   19        0.21183181     0.19089046     0.19276571
   20        0.15613939     0.19108178     0.19276571
   21        0.20430701     0.19124869     0.19276571
   22        0.16272730     0.19139515     0.19276571
   23        0.19923189     0.19152433     0.19276571
   24        0.16777669     0.19163882     0.19276571
   25        0.19581657     0.19174074     0.19276571
